variables:
  Postgres_version: 1.32.0-delivery_pg14-20240405.114546-4-RELEASE
  Postgres_services_version: 1.32.0-delivery_postgres-services-20240405.101648-3-RELEASE
  Arango_version: 0.21.0-delivery_3.10-20231121.035831-1-RELEASE
  Opensearch_version: 0.3.2-delivery_1.3.10-20231102.144015-1-RELEASE
  Cassandra_version: 1.34.0-cassandra_4.1-20231012.142444-3-RELEASE
  Cassandra_services_version: release-2024.3-0.1.1-charts-20241001.123017-3-RELEASE
  Clickhouse_version: 0.13.0-delivery_233-20231101.082422-2-RELEASE
  Clickhouse_services_version: 0.21.0-delivery_clickhouse-services-20240513.091648-2
  Mistral_version: release-2023.4-delivery-20231027.114258-3-RELEASE
  Rabbit_version: ***.***.***.***_operator_charts-20220718.141740-5-RELEASE
  Vault_version: 2.0.1-charts-20231030.132857-1-RELEASE
  Streaming_version: 3.7.0-delivery-20231030.151336-1-RELEASE
  Zookeeper_version: 0.2.9_delivery_3.8.0-20230423.190627-1-RELEASE
  Kafka_version: v.0.1.7_kafka-service-operator_charts-20220627.151936-1-RELEASE
  Kafka_serices_version: 1.0.1-delivery_kafka-services-20231031.122118-1-RELEASE
  Consul_version: 0.5.0-charts-20231031.103037-2-RELEASE
  Monitoring_version: 0.64.0-delivery-20240403.130615-1-RELEASE
  Jaeger_version: 1.51.0-2-delivery-20231212.125133-2-RELEASE
  Logging_version: 14.3.0-delivery-20231123.080855-2-RELEASE
  Mongo_version: 1.21.3-mongo_5.0-20231031.103750-1-RELEASE
  Redis_version: 2.10.3-charts-20231031.073816-1-RELEASE
  Airflow_version: release-2023.4-***.***.***.***-20231030.051319-1-RELEASE
  Spark_version: release-3.4.1_1.2.0-delivery_customized_paas_deployer-20231101.135554-2-RELEASE
  Greenplum_version: 0.5.11_delivery-20230630.082859-3-RELEASE
  Hue_version: ***.***.***.***_paas_deployer-20230717.135040-1-RELEASE
  Cert_manager_version: v1.14.2-manifest-20240219.153037-2-RELEASE
  Site_manager_version: 0.17.0_branch-cloud_site_manager_microservice_builder-20231012.160531-7-RELEASE
  Hive_metastore_version: 3.1.3_0.2.0_delivery_paas_deployer-20230628.153725-2-RELEASE
  Trino_version: 429_1.0.0-delivery_paas_deployer-20231027.124856-3-RELEASE
  Profiler_version: release-***.***.***.***-20231123.073320-2-RELEASE
  Volcano_version: main-delivery_paas_deployer-20231009.090955-1-RELEASE
  Opensearch_for_logging_version: 0.3.3-delivery_1.3.10-20231127.132752-1-RELEASE